models/Zr50Cu35Al15_t1_final.xyz
20
spot0_
153
168
119
134
115
130
spot1_
141
156
151
166
118
133
spot2_
135
150
87
102
118
133
spot3_
134
140
136
142
154
160
spot4_
146
152
139
145
153
159
spot5_
141
147
141
147
155
161
spot6_
123
130
106
113
157
164
spot7_
99
104
138
143
101
106
spot8_
121
127
92
98
140
146
spot9_
141
147
95
101
128
134
spot10_
139
145
146
152
153
159
spot11_
128
133
144
149
159
164
spot12_
146
152
146
152
147
153
spot13_
109
115
155
161
136
142
spot14_
121
128
124
131
92
99
spot15_
103
109
119
125
95
101
spot16_
146
153
115
122
148
155
spot17_
91
97
141
147
132
138
spot18_
126
132
138
144
155
161
spot19_
120
126
95
101
136
142
